t   s   v   a   -
0,00	0,0000	0,000	0,000	
0,05	0,0000	0,000	0,000	
0,10	0,0000	0,000	0,000	
0,15	0,0000	0,000	0,000	
0,20	0,0000	0,000	0,000	
0,25	0,0000	0,000	0,000	
0,30	0,0000	0,000	0,000	
0,35	0,0000	0,000	0,000	
0,40	0,0000	0,000	0,000	
0,45	0,0000	0,000	0,000	
0,50	0,0000	0,000	0,000	
0,55	0,0000	0,000	0,000	
0,60	0,0000	0,000	0,000	
0,65	0,0000	0,000	0,000	
0,70	0,0000	0,000	0,000	
0,75	0,0000	0,000	0,000	
0,80	0,0000	0,000	0,000	
0,85	0,0000	0,000	0,003	
0,90	0,0000	0,000	0,019	
0,95	0,0000	0,001	0,075	
1,00	0,0000	0,004	0,217	
1,05	0,0000	0,017	0,469	
1,10	0,0010	0,048	0,786	
1,15	0,0040	0,097	1,081	
1,20	0,0100	0,161	1,257	
1,25	0,0200	0,229	1,287	
1,30	0,0330	0,294	1,219	
1,35	0,0500	0,350	1,160	
1,40	0,0680	0,405	1,201	
1,45	0,0900	0,469	1,275	
1,50	0,1150	0,533	1,323	
1,55	0,1430	0,603	1,286	
1,60	0,1750	0,674	0,988	
1,65	0,2120	0,713	0,473	
1,70	0,2480	0,717	0,043	
1,75	0,2840	0,708	-0,190	
1,80	0,3190	0,692	-0,273	
1,85	0,3530	0,678	-0,290	
1,90	0,3870	0,662	-0,290	
1,95	0,4190	0,649	-0,290	
2,00	0,4520	0,636	-0,326	
2,05	0,4830	0,614	-0,319	
2,10	0,5130	0,601	-0,272	
2,15	0,5430	0,589	-0,262	
2,20	0,5720	0,577	-0,293	
2,25	0,6010	0,560	-0,326	
2,30	0,6280	0,542	-0,316	
2,35	0,6550	0,528	-0,300	
2,40	0,6810	0,512	-0,281	
2,45	0,7060	0,500	-0,261	
2,50	0,7310	0,488	-0,271	
2,55	0,7550	0,472	-0,273	
2,60	0,7780	0,460	-0,272	
2,65	0,8010	0,447	-0,308	
2,70	0,8230	0,429	-0,346	
2,75	0,8440	0,411	-0,345	
2,80	0,8640	0,393	-0,300	
2,85	0,8830	0,381	-0,255	
2,90	0,9020	0,369	-0,252	
2,95	0,9200	0,357	-0,281	
3,00	0,9380	0,341	-0,299	
3,05	0,9540	0,324	-0,270	
3,10	0,9700	0,316	-0,272	
3,15	0,9860	0,299	-0,309	
3,20	1,0000	0,282	-0,308	
3,25	1,0140	0,268	-0,298	
3,30	1,0270	0,252	-0,283	
3,35	1,0390	0,240	-0,272	
3,40	1,0510	0,227	-0,298	
3,45	1,0620	0,210	-0,319	
3,50	1,0720	0,193	-0,300	
3,55	1,0810	0,180	-0,280	
3,60	1,0900	0,167	-0,300	
3,65	1,0980	0,150	-0,317	
3,70	1,1050	0,133	-0,287	
3,75	1,1110	0,121	-0,243	
3,80	1,1170	0,110	-0,226	
3,85	1,1220	0,099	-0,243	
3,90	1,1270	0,087	-0,287	
3,95	1,1310	0,070	-0,317	
4,00	1,1340	0,053	-0,298	
4,05	1,1360	0,040	-0,270	
4,10	1,1380	0,028	-0,273	
4,15	1,1390	0,012	-0,271	
4,20	1,1390	0,000	-0,261	
4,25	1,1390	-0,012	-0,279	
4,30	1,1380	-0,028	-0,287	
4,35	1,1360	-0,042	-0,278	
4,40	1,1340	-0,057	-0,250	
4,45	1,1300	-0,068	-0,204	
4,50	1,1270	-0,074	-0,213	
4,55	1,1230	-0,088	-0,241	
4,60	1,1180	-0,100	-0,246	
4,65	1,1130	-0,112	-0,258	
4,70	1,1070	-0,127	-0,243	
4,75	1,1000	-0,138	-0,210	
4,80	1,0930	-0,145	-0,230	
4,85	1,0860	-0,160	-0,260	
4,90	1,0770	-0,175	-0,230	
4,95	1,0680	-0,182	-0,210	
5,00	1,0590	-0,193	-0,241	
5,05	1,0490	-0,208	-0,249	
5,10	1,0380	-0,219	-0,227	
5,15	1,0270	-0,230	-0,211	
5,20	1,0150	-0,240	-0,204	
5,25	1,0030	-0,250	-0,211	
5,30	0,9900	-0,261	-0,227	
5,35	0,9770	-0,272	-0,247	
5,40	0,9630	-0,287	-0,230	
5,45	0,9480	-0,297	-0,183	
5,50	0,9330	-0,303	-0,183	
5,55	0,9180	-0,313	-0,232	
5,60	0,9020	-0,328	-0,256	
5,65	0,8850	-0,340	-0,246	
5,70	0,8680	-0,352	-0,240	
5,75	0,8500	-0,366	-0,211	
5,80	0,8310	-0,372	-0,193	
5,85	0,8130	-0,382	-0,220	
5,90	0,7930	-0,396	-0,219	
5,95	0,7730	-0,404	-0,219	
6,00	0,7530	-0,418	-0,220	
6,05	0,7310	-0,428	-0,193	
6,10	0,7100	-0,434	-0,209	
6,15	0,6880	-0,448	-0,228	
6,20	0,6650	-0,459	-0,210	
6,25	0,6420	-0,469	-0,190	
6,30	0,6180	-0,478	-0,172	
6,35	0,5940	-0,484	-0,192	
6,40	0,5700	-0,498	-0,210	
6,45	0,5440	-0,508	-0,190	
6,50	0,5190	-0,514	-0,209	
6,55	0,4930	-0,528	-0,230	
6,60	0,4660	-0,539	-0,219	
6,65	0,4390	-0,550	-0,209	
6,70	0,4110	-0,560	-0,202	
6,75	0,3830	-0,570	-0,198	
6,80	0,3540	-0,580	-0,190	
6,85	0,3250	-0,589	-0,173	
6,90	0,2950	-0,598	-0,153	
6,95	0,2650	-0,603	-0,170	
7,00	0,2350	-0,613	-0,217	
7,05	0,2040	-0,627	-0,217	
7,10	0,1720	-0,637	-0,162	
7,15	0,1400	-0,642	-0,093	
7,20	0,1080	-0,650	0,132	
7,25	0,0750	-0,648	0,810	
7,30	0,0420	-0,603	2,103	
7,35	0,0090	-0,443	3,373	
7,40	-0,0070	-0,200	3,335	
7,45	-0,0060	-0,047	2,031	
7,50	-0,0060	-0,007	0,789	
7,55	-0,0060	-0,002	0,176	
7,60	-0,0060	-0,007	0,006	
7,65	-0,0070	-0,007	0,031	
7,70	-0,0070	-0,002	0,046	
7,75	-0,0070	-0,001	0,027	
7,80	-0,0070	0,000	0,010	
7,85	-0,0070	0,000	0,002	
7,90	-0,0070	0,000	0,000	
7,95	-0,0070	0,000	0,000	
8,00	-0,0070	0,000	0,000	
8,05	-0,0070	0,000	0,000	
8,10	-0,0070	0,000	0,000	
8,15	-0,0070	0,000	0,000	
8,20	-0,0070	0,000	0,000	
8,25	-0,0070	0,000	0,000	
8,30	-0,0070	0,000	0,000	
8,35	-0,0070	0,000	0,000	
8,40	-0,0070	0,000	0,000	
8,45	-0,0070	0,000	0,000	
8,50	-0,0070	0,000	0,000	
8,55	-0,0070	0,000	0,000	
8,60	-0,0070	0,000	0,000	
8,65	-0,0070	0,000	0,000	
8,70	-0,0070	0,000	0,000	
8,75	-0,0070	0,000	0,000	
8,80	-0,0070	0,000	0,000	
8,85	-0,0070	0,000	0,000	
8,90	-0,0070	0,000	0,000	
8,95	-0,0070	0,000	0,000	
9,00	-0,0070	0,000	0,000	
9,05	-0,0070	0,000	0,000	
9,10	-0,0070	0,000	0,000	
9,15	-0,0070	0,000	0,000	
9,20	-0,0070	0,000	0,000	
9,25	-0,0070	0,000	0,000	
9,30	-0,0070	0,000	0,000	
9,35	-0,0070	0,000	0,000	
9,40	-0,0070	0,000	0,000	
9,45	-0,0070	0,000	0,000	
9,50	-0,0070	0,000	0,000	
9,55	-0,0070	0,000	0,000	
9,60	-0,0070	0,000	0,000	
9,65	-0,0070	0,000	0,000	
9,70	-0,0070	0,000	0,000	
9,75	-0,0070	0,000	0,000	
9,80	-0,0070	0,000	0,000	
9,85	-0,0070	0,000	0,000	
9,90	-0,0070	0,000	0,000	
9,95	-0,0070	0,000	0,000	
10,00	-0,0070	0,000	0,000   